3.781049175166781851e-01
3.695905015505598357e-01
3.563098918050506825e-01
3.136866998874303647e-01
3.023221704918999109e-01
2.710435063496756669e-01
2.508771942848788683e-01
2.291895281151479224e-01
2.102568334041752252e-01
1.926745484302134770e-01
1.765285737632780183e-01
1.602988123199189374e-01
1.472015018831829281e-01
1.344939285433000009e-01
1.261606815103917256e-01
1.174432775419482766e-01
1.083507271939279093e-01
9.850086193190144002e-02
8.478757275611137345e-02
6.386026463732541458e-02
4.366827058418643048e-02
2.352807516491495221e-02
2.458431229308999377e-03
-1.969407963145819451e-02
-4.202164362924598606e-02
-6.373019310195715548e-02
-8.567294185487561720e-02
-1.113854771316535874e-01
-1.344745367546664738e-01
-1.607609318097953377e-01
-1.837011726514194976e-01
-2.064464075147469657e-01
-2.273191430833971793e-01
-2.497803730715251191e-01
-2.704047732883410049e-01
-2.936841536336096681e-01
-3.125435306550876646e-01
-3.350299300457759699e-01
-3.540534620899897789e-01
-3.738360154392541546e-01
-3.945231427793540746e-01
